(2, 1) = (1, 1) and (1, 2)
(2, 2) = (1, 2) and (1, 3)
(2, 3) = (1, 3) and (1, 4)
(2, 4) = (1, 4) and (1, 5)
(2, 5) = (1, 5) and (1, 6)
(2, 6) = (1, 6) and (1, 7)

(3, 1) = (1, 1) and (2, 2)
(3, 1) = (2, 1) and (1, 3)
(3, 2) = (1, 2) and (2, 3)
(3, 2) = (2, 2) and (1, 4)
(3, 3) = (1, 3) and (2, 4)
(3, 3) = (2, 3) and (1, 5)
(3, 4) = (1, 4) and (2, 5)
(3, 4) = (2, 4) and (1, 6)
(3, 5) = (1, 5) and (2, 6)
(3, 5) = (2, 5) and (1, 7)

(4, 1) = (1, 1) and (3, 2)
(4, 1) = (2, 1) and (2, 3)
(4, 1) = (3, 1) and (1, 4)
(4, 2) = (1, 2) and (3, 3)
(4, 2) = (2, 2) and (2, 4)
(4, 2) = (3, 2) and (1, 5)
(4, 3) = (1, 3) and (3, 4)
(4, 3) = (2, 3) and (2, 5)
(4, 3) = (3, 3) and (1, 6)
(4, 4) = (1, 4) and (3, 5)
(4, 4) = (2, 4) and (2, 6)
(4, 4) = (3, 4) and (1, 7)

(5, 1) = (1, 1) and (4, 2)
(5, 1) = (2, 1) and (3, 3)
(5, 1) = (3, 1) and (2, 4)
(5, 1) = (4, 1) and (1, 5)
(5, 2) = (1, 2) and (4, 3)
(5, 2) = (2, 2) and (3, 4)
(5, 2) = (3, 2) and (2, 5)
(5, 2) = (4, 2) and (1, 6)
(5, 3) = (1, 3) and (4, 4)
(5, 3) = (2, 3) and (3, 5)
(5, 3) = (3, 3) and (2, 6)
(5, 3) = (4, 3) and (1, 7)

(6, 1) = (1, 1) and (5, 2)
(6, 1) = (2, 1) and (4, 3)
(6, 1) = (3, 1) and (3, 4)
(6, 1) = (4, 1) and (2, 5)
(6, 1) = (5, 1) and (1, 6)
(6, 2) = (1, 2) and (5, 3)
(6, 2) = (2, 2) and (4, 4)
(6, 2) = (3, 2) and (3, 5)
(6, 2) = (4, 2) and (2, 6)
(6, 2) = (5, 2) and (1, 7)

(7, 1) = (1, 1) and (6, 2)
(7, 1) = (2, 1) and (5, 3)
(7, 1) = (3, 1) and (4, 4)
(7, 1) = (4, 1) and (3, 5)
(7, 1) = (5, 1) and (2, 6)
(7, 1) = (6, 1) and (1, 7)

(7, 1)[0]
(6, 1)[0] (6, 2)[0]
(5, 1)[0] (5, 2)[0] (5, 3)[0]
(4, 1)[1] (4, 2)[0] (4, 3)[0] (4, 4)[0]
(3, 1)[1] (3, 2)[1] (3, 3)[0] (3, 4)[0] (3, 5)[2]
(2, 1)[1] (2, 2)[1] (2, 3)[1] (2, 4)[0] (2, 5)[2] (2, 6)[2]
(1, 1)[1] (1, 2)[1] (1, 3)[1] (1, 4)[1] (1, 5)[2] (1, 6)[2] (1, 7)[2]
